$ANSIBLE_VAULT;1.1;AES256
62313135313762343466396433396565346162623532666434623830303336373036323236313665
3864316436373633653238633233643730613335623837300a396334656366663866633064303235
62366364326130303365643930313632393732363164393063646661333933303837646562336132
3661613131636131350a663835326666386166333636333238373930376137656131303430396336
62393735643531373535343530646539316164306365303933653437613535313530303464656137
64383666343830326564346563393665643364386235346465343665346465393562336564646635
37623563306434373033326332363331366533643235383662306630346539663163633864353639
36333765313832633164653932376232363930353162363531333330373430353733336231653066
65643931613063643063323930326237396264336661613866623739306139316232323561666465
36653733356537616136366638633931356234396564343338646631396637643637636530636139
38613664313362306630633639633234633562623631353037616562333165303961353361626464
61393535623261343164663131326534313333666564643235643438623435373862643031613033
36646634613832623866333961313738343264313462303932363363356262313061666435376361
37666363346637643136336361663062303261366334383965316139666136376436363531646165
36376363613833346531663565666335643438383731333362366537643061313433356634373165
36336361393132326439303738616430333164376632306336626331323030356464623332616637
61626130643333363363383937636139626632336666396539316165316434613637323866383861
36316464333034373664363965333336333635386561346436343132353463666239653935623161
63653461353762383132313739343130306663306138373062323466623635653134313533396664
35656537303135323732313135386266643533396662336539356539653638353635313738353063
65313234383761623430303439666364623161356263343536636138653937353033643239366666
37336133396636323261326232633864323033373664373366616138313237363564383365353232
32376562323236643432353830613330626130363265326339646666373534356635636634373937
36373061306233666661306639626339616634346234393139333932616263646436646564303964
65383936383465356562653564353564393834343766613831663139383263326166666437613139
39323263393635316336323736343633663163373232653134343031313134616234623563363836
39356530353861326338393162663935393263623962643235656664623166333566303135303737
36336333613633313365343339306164643730616231653266316232356531363235313530333931
32313365616330356164336638303233306563643231656365323232663730316431643966313337
33363832663966353830313631313038313862346536373761363931393332393636373362663035
37323762376536656337333434623735346337643236346137666334366363656262343036383530
35653665363465383134613062366336383435313433366337306239336537633831346538303361
61306437303133663562396136373033373762656663323531663437373033323166353162356239
38326364336165343730376464336438656230363764353832343762346636333038613535306362
62643535326665626662383764313832646334336561316630323866326261646661363436363233
33396531353839306161646564653164373733663637663339653935396335656565663065333561
34343031326139353332373663363364313539336237643530353133396636643434353465663166
63363635383231666661316262363034386166303566313033633636353137316533303532653230
32346138313636343664653165663161303033656166393066383763313139353162386232346632
61316436326239396539653764666431356464613964326263343564363162353831323334643332
39323532383135386665646539373435343136396165343432396663666139343265353763633465
30363032653063363733613762626461326532346633613733373131643936396137396137363130
31366537386532666262373236326134383335313337376138323831373262623364663733343236
38666634623066346338363235643437386631653232363965636638333937343437616364303463
61303334303163303637633538316131393538346464653637363432363534633037353961646139
63363830396530623231373237646434383231386265303639373435303066373935313635663130
36383135316638346639383264366263316431613538353333616165623439393862643533383630
38393366633166343831313035343830383633356362633431613033303066643634343433656534
36323461303235353135343830376365373237643061353336353835393463303230643732316131
35333537613731333830303566643661636539656431366334333631666638326265383531313432
31383632396565353633393737316332636566373563366336646565386534373633363863653066
63353530336333636337613566326365383432363463666137336338303339323432643236303737
65383731643065353134643365383630656365646530326234393965363639653763656562366330
31623933376363623763663133383930653433656337383366323665373062666437623435643638
65393639323162336165326631616633333562313433393233393462333539613338376661613532
37363334613961613437363130353834623565616362316564393532643065383132393666316639
61663063653037306535333733343339376566363938633937396632333962376530643637336462
39313131386537656462313064636233366361646632313861323136626531373263626336373531
64346633313134353035636661663232306161626534373864613966613565366637653139653633
39356232633634386537653866393737613466393132633738636634393931616666633262663164
30663836646437353563323863316332303966613837376637386233346162653861616163633566
36653233316230643530353863636464626336613131316332313064306365623037383563396664
30303566616564376634313937353266623765323630643531656536373530666531303562363339
36623365653964303663386434306434373234333430316334313564356435663038313733303636
32656135323266386231633464333534353333646264613030333831333839643364343233303339
39626664613561343238316534613362353133633432313930396466363336343233373838353238
65616331653763303565663439346236663837343864626433306561336435306338656238353132
30623039306662376631333838643233306633613736663934346366636630383766333636623862
33326565313365376461366638383136653366663664306430643536663638313130313063636166
39643264643938633866616330363165343234313834383633313039633934666639353434336261
39653036626434633763356630656338373664303337303865333165346162383463393864636232
65633234326161333831393339653261653637306261613230646566653939333933653561663236
62323535633862343265633436633363353431303331616264396564663563386535306363316137
37313838316233633061376662303966333430313531376265313632333431333131346334396563
36336337316663656635383363393731323065386530363861326534386535383134646563623637
36376231643733663664346139633138633765383535636336316566353438643262616235333364
34643865306663626239323766656335356132303333323030396461343235306135343165333561
65323835353938323539303864623030626637346430643263313766363061303634346434376330
38393031363866336338613735646330393431636338333635323235333637323238663161313832
39633031303763646663623039663361633465643834316539623637613734363161316138663133
30303433333033326436303538663136613831613631653434326137653836623833316163656537
35316530303936613836626566333538373535623835356330336132306239653366623761653531
62393237343466373633333761393461356265613930653439636638353461306338656631616238
36383630326437346135386439353163623963653964663732313235373466653466303531383865
33643666323966333537373166663731363635366634656434623634303037643336663035313535
35373066636564383166643465306337333432356232653736613034386163303666303237306537
63613134646236313436363964323364353165316334383137666663323639616332386238643430
65613233333937346332306566373139626466636530303332376135666263313362366230393365
61376266346462313831626262663536323963326234393264353761373930613163613434643636
34623661646336353937336639343364616466396166366433306139323062356433353630313238
656461313036323232623937393539346137
