$ANSIBLE_VAULT;1.1;AES256
37356164306130353438383031343466666237356464343739393634306565636239323366313531
3833613363616639386362373632346231663330623739390a323562303934346662356365653130
66643962623335663635353964653735666664613239356264363338623766623061363964393438
6337666534316438320a633335303031376239373231396233646434326363316361666664396337
30636634663738376238656636636233363165366639333334376137633739316232663531316535
64643939646233616635376635343530303939616564333930663036616363616162386437643533
33333962343663646138643964646139333466306231386234376531396339613739396632356264
37613662616162663766376137613335623565316566373435366637653035313133373261343563
31623931623864383132653732663133666234643430653030306366623433313739373830323031
38353937373931393735333066643163366230353137326136623664376336366634613261343137
36333730326438313962663839336236353761303764313135336365343335396164383061636333
37623638363832363635323134306333366637613532663237316230336265373930333764613437
62663362353435613534393137353938356431333630643565343065373636386636376534646366
34396532636636656566323364343634643530646561316366613562623765366264613637656239
32626533363337316436376134333765336439613135656337313662616663303564306465343638
66613037613834376432633865323863363830303131623535306130383862396137393964643136
35393932653038303538613935323139393233353333353063316637363461613962636166656164
35633038383835393734636461383165353931616665306639386338323163326562386634646265
38336633316535363239373832363936646463623039356338626463613235326564303536333264
64616239323533383831323537623732393032393762333931376665633738623564646436363962
37646536633463656562656532323563323631363433643436353732633833646664396166306630
34656536613431373230383838346332613365336663393364363535653234626562376164356234
61373165333037303130313637623035316135323762643732303832636334336137303332313862
61633538303764336539343039636238326534653932636664316636343563343930643434396264
63656438643232323935376238373737616535336134643162366431353761663137366464326438
31396262666435636663383863346231323334333732636261316663393732353332326231303763
32633930613930313032346230393865616163373038386634346135663962303565633838313539
39353364623766643862
